0.71
0.71
0.75
0.0
0.0
0.0
0.26
0.19
0.56
0.25
0.16
0.25
0.11
0.33
0.71
0.3
0.25
0.48
0.21
0.33
0.55
0.18
0.2
0.39
0.38
0.21
0.28
0.42
0.42
0.73
0.22
0.37
0.4
0.41
0.38
0.74
0.4
0.32
0.74
0.69
0.41
0.71
0.61
0.71
0.46
0.71
0.17
0.74
0.61
0.48
0.72
0.35
0.32
0.62
0.71
0.71
0.72
0.45
0.71
0.71
0.71
0.71
0.72
0.71
0.71
0.61
0.61
0.16
0.72
0.73
0.26
0.75
0.71
0.29
0.71
0.38
0.38
0.36
0.48
0.44
0.61
0.24
0.71
0.72
0.3
0.71
0.62
0.75
0.21
0.73
0.6
0.43
0.74
0.71
0.41
0.72
0.26
0.71
0.72
0.71
0.71
0.71
0.69
0.71
0.72
0.72
0.71
0.74
0.21
0.24
0.71
0.41
0.71
0.71
0.24
0.71
0.74
0.26
0.41
0.56
0.75
0.74
0.52
0.49
0.71
0.5
0.73
0.61
0.39
0.44
0.42
0.71
0.72
0.71
0.72
0.71
0.72
0.71
0.72
0.71
0.6
0.34
0.52
0.67
0.28
0.72
0.72
0.46
0.44
0.46
0.74
0.73
0.72
0.54
0.71
0.71
0.71
0.72
0.72
0.71
0.71
0.71
0.71
0.71
0.46
0.73
0.62
0.71
0.72
0.5
0.56
0.72
0.62
0.45
0.72
0.62
0.72
0.45
0.44
0.53
0.44
0.72
0.72
0.43
0.61
0.52
0.44
0.72
0.5
0.72
0.48
0.49
0.64
0.47
0.72
0.49
0.48
0.52
0.52
0.47
0.72
0.72
0.53
0.72
0.76
0.4
0.75
0.27
0.74
0.47
0.2
0.28
0.47
0.25
0.52
0.62
0.38
0.43
0.71
0.7
0.72
0.51
0.73
0.3
0.51
0.74
0.73
0.74
0.62
0.71
0.71
0.71
0.68
0.73
0.53
0.71
0.63
0.72
0.71
0.73
0.41
0.62
0.44
0.72
0.71
0.62
0.45
0.49
0.74
0.41
0.71
0.71
0.71
0.71
0.71
0.71
0.4
0.72
0.26
0.35
0.48
0.22
0.71
0.74
0.39
0.23
0.72
0.71
0.71
0.75
0.71
0.71
0.72
0.71
0.71
0.72
0.0
0.0
0.71
0.76
0.75
0.72
0.71
0.2
0.62
0.39
0.72
0.72
0.4
0.37
0.53
0.05
0.71
0.71
0.38
0.4
0.72
0.72
0.71
0.72
0.41
0.71
0.67
0.71
0.71
0.63
0.14
0.2
0.71
0.14
0.05
0.36
0.13
0.11
0.71
0.71
0.71
0.75
0.69
0.13
0.72
0.59
0.05
0.71
0.71
0.11
0.71
0.71
0.71
0.72
0.71
0.4
0.72
0.71
0.71
0.74
0.38
0.38
0.62
0.33
0.24
0.71
0.71
0.18
0.74
0.26
0.71
0.71
0.26
0.09
0.72
0.21
0.71
0.5
0.22
0.13
0.71
0.24
0.25
0.53
0.13
0.33
0.72
0.09
0.71
0.71
0.71
0.13
0.72
0.22
0.13
0.37
0.13
0.09
0.63
0.71
0.71
0.69
0.35
0.66
0.72
0.72
0.72
0.72
0.71
0.37
0.71
0.13
0.09
0.71
0.71
0.71
0.72
0.71
0.71
0.72
0.09
0.37
0.71
0.71
0.71
0.64
0.71
0.13
0.72
0.71
0.71
0.75
0.22
0.18
0.71
0.09
0.09
0.74
0.71
0.17
0.75
0.73
0.71
0.71
0.67
0.13
0.49
0.38
0.41
0.71
0.71
0.38
0.56
0.71
0.73
0.71
0.17
0.11
0.5
0.2
0.22
0.71
0.21
0.2
0.46
0.71
0.71
0.73
0.19
0.41
0.72
0.71
0.59
0.72
0.71
0.71
0.74
0.43
0.41
0.71
0.44
0.15
0.65
0.38
0.71
0.6
0.29
0.37
0.72
0.58
0.42
0.55
0.61
0.18
0.71
0.6
0.17
0.71
0.63
0.09
0.47
0.71
0.11
0.51
0.16
0.71
0.72
0.71
0.71
0.52
0.71
0.71
0.74
0.74
0.22
0.75
0.37
0.37
0.42
0.4
0.71
0.72
0.71
0.71
0.64
0.71
0.71
0.72
0.71
0.71
0.62
0.6
0.71
0.71
0.71
0.71
0.74
0.24
0.38
0.72
0.18
0.71
0.71
0.71
0.71
0.73
0.18
0.71
0.62
0.16
0.71
0.73
0.71
0.09
0.76
0.18
0.38
0.71
0.09
0.09
0.09
0.13
0.09
0.71
0.71
0.71
0.72
0.71
0.71
0.74
0.71
0.71
0.61
0.13
0.09
0.61
0.26
0.19
0.71
0.11
0.09
0.38
0.11
0.09
0.72
0.38
0.74
0.74
0.71
0.74
0.74
0.38
0.09
0.22
0.62
0.09
0.71
0.71
0.71
0.71
0.71
0.09
0.61
0.71
0.09
0.72
0.62
0.09
0.72
0.71
0.17
0.72
0.13
0.11
0.74
0.71
0.71
0.72
0.43
0.2
0.71
0.57
0.68
0.72
0.71
0.71
0.74
0.13
0.17
0.61
0.71
0.71
0.71
0.16
0.11
0.48
0.71
0.71
0.75
0.62
0.09
0.72
0.38
0.71
0.75
0.15
0.09
0.39
0.52
0.33
0.69
0.37
0.2
0.74
0.31
0.72
0.71
0.71
0.38
0.71
0.71
0.71
0.62
0.2
0.57
0.74
0.38
0.71
0.62
0.71
0.13
0.73
0.71
0.73
0.74
0.71
0.71
0.72
0.11
0.09
0.11
0.71
0.74
0.75
0.44
0.4
0.74
0.74
0.52
0.72
0.36
0.29
0.75
0.71
0.11
0.73
0.19
0.13
0.71
0.13
0.09
0.72
0.09
0.09
0.71
0.13
0.13
0.55
0.11
0.11
0.73
0.13
0.15
0.35
0.09
0.09
0.71
0.32
0.71
0.74
0.09
0.09
0.54
0.71
0.38
0.74
0.39
0.11
0.6
0.17
0.13
0.74
0.71
0.41
0.61
0.09
0.13
0.71
0.72
0.71
0.74
0.71
0.71
0.75
0.7
0.16
0.45
0.4
0.09
0.41
0.13
0.13
0.71
0.09
0.11
0.4
0.13
0.14
0.7
0.71
0.75
0.74
0.71
0.71
0.45
0.76
0.71
0.71
0.55
0.71
0.74
0.62
0.74
0.71
0.71
0.48
0.44
0.71
0.61
0.53
0.19
0.44
0.72
0.11
0.45
0.69
0.3
0.13
0.73
0.71
0.37
0.71
0.71
0.74
0.74
0.41
0.13
0.74
0.44
0.26
0.71
0.71
0.33
0.48
0.11
0.09
0.71
0.2
0.37
0.71
0.62
0.17
0.74
0.69
0.61
0.71
0.71
0.25
0.71
0.71
0.59
0.72
0.71
0.71
0.63
0.73
0.69
0.62
0.71
0.15
0.52
0.72
0.71
0.7
0.21
0.71
0.72
0.71
0.71
0.6
0.71
0.71
0.43
0.71
0.61
0.72
0.55
0.09
0.71
0.71
0.71
0.72
0.13
0.11
0.7
0.09
0.11
0.71
0.11
0.11
0.58
0.11
0.11
0.71
0.11
0.09
0.71
0.09
0.11
0.69
0.38
0.38
0.62
0.71
0.71
0.74
0.62
0.71
0.6
0.74
0.71
0.62
0.6
0.74
0.72
0.71
0.17
0.62
0.2
0.74
0.62
0.11
0.11
0.39
0.44
0.38
0.74
0.09
0.09
0.35
0.24
0.24
0.71
0.09
0.09
0.71
0.13
0.16
0.53
0.13
0.09
0.09
0.71
0.35
0.73
0.11
0.25
0.72
0.34
0.15
0.74
0.11
0.09
0.68
0.68
0.09
0.71
0.11
0.11
0.75
0.72
0.71
0.75
0.58
0.13
0.72
0.71
0.71
0.47
0.71
0.11
0.73
0.4
0.2
0.65
0.73
0.71
0.71
0.45
0.42
0.54
0.4
0.39
0.72
0.71
0.4
0.51
0.71
0.71
0.74
0.47
0.41
0.75
0.41
0.72
0.73
0.71
0.71
0.72
0.72
0.4
0.73
0.09
0.15
0.71
0.71
0.13
0.74
0.11
0.09
0.71
0.71
0.71
0.71
0.38
0.38
0.71
0.75
0.11
0.61
0.72
0.18
0.71
0.38
0.38
0.62
0.09
0.09
0.34
0.11
0.71
0.72
0.21
0.19
0.74
0.71
0.11
0.74
0.71
0.71
0.74
0.56
0.68
0.74
0.18
0.15
0.71
0.62
0.71
0.74
0.73
0.64
0.74
0.71
0.39
0.5
0.37
0.47
0.64
0.72
0.17
0.71
0.74
0.71
0.46
0.71
0.71
0.75
0.74
0.56
0.72
0.76
0.72
0.73
0.73
0.6
0.48
0.61
0.29
0.71
0.71
0.71
0.72
0.23
0.71
0.61
0.72
0.71
0.71
0.71
0.71
0.72
0.72
0.73
0.72
0.71
0.32
0.61
0.13
0.09
0.61
0.34
0.11
0.72
0.11
0.09
0.56
0.13
0.09
0.74
0.13
0.71
0.71
0.71
0.2
0.71
0.09
0.6
0.71
0.71
0.43
0.72
0.71
0.2
0.72
0.24
0.46
0.74
0.45
0.4
0.32
0.38
0.71
0.71
0.4
0.39
0.72
0.13
0.09
0.09
0.4
0.11
0.72
0.13
0.15
0.7
0.21
0.13
0.59
0.17
0.23
0.76
0.19
0.71
0.75
0.35
0.71
0.61
0.71
0.72
0.74
0.49
0.75
0.74
0.6
0.66
0.64
0.71
0.16
0.74
0.71
0.75
0.71
0.09
0.09
0.74
0.11
0.71
0.41
0.09
0.09
0.71
0.19
0.71
0.72
0.71
0.09
0.71
0.71
0.71
0.71
0.13
0.71
0.71
0.75
0.71
0.75
0.71
0.49
0.75
0.09
0.38
0.72
0.18
0.38
0.18
0.71
0.43
0.74
0.71
0.71
0.76
0.74
0.44
0.73
0.71
0.38
0.73
0.71
0.74
0.71
0.6
0.47
0.72
0.48
0.43
0.73
0.71
0.71
0.71
0.61
0.61
0.63
0.39
0.34
0.72
0.71
0.71
0.62
0.11
0.11
0.62
0.41
0.71
0.71
0.6
0.11
0.74
0.48
0.17
0.73
0.42
0.74
0.71
0.37
0.72
0.5
0.71
0.74
0.51
0.66
0.15
0.73
0.71
0.27
0.4
0.38
0.37
0.72
0.0
0.0
0.75
0.09
0.05
0.62
0.71
0.71
0.71
0.09
0.09
0.74
0.4
0.71
0.36
0.05
0.09
0.71
0.71
0.71
0.62
0.71
0.71
0.74
0.71
0.71
0.42
0.47
0.41
0.74
0.74
0.71
0.71
0.71
0.71
0.71
0.05
0.0
0.71
0.4
0.38
0.72
0.38
0.71
0.72
0.47
0.71
0.71
0.05
0.0
0.51
0.0
0.09
0.71
0.05
0.71
0.71
0.25
0.09
0.72
0.0
0.0
0.71
0.71
0.0
0.71
0.6
0.05
0.76
0.38
0.09
0.71
0.05
0.0
0.7
0.71
0.6
0.65
0.71
0.71
0.74
0.72
0.59
0.71
0.25
0.05
0.71
0.46
0.72
0.71
0.74
0.74
0.71
0.71
0.71
0.72
0.72
0.58
0.72
0.09
0.0
0.0
0.3
0.15
0.71
0.71
0.71
0.74
0.71
0.71
0.72
0.14
0.11
0.71
0.32
0.71
0.71
0.71
0.36
0.71
0.71
0.71
0.74
0.4
0.2
0.45
0.05
0.13
0.41
0.38
0.37
0.71
0.71
0.71
0.74
0.75
0.71
0.74
0.71
0.39
0.46
0.71
0.72
0.74
0.72
0.73
0.41
0.32
0.74
0.71
0.71
0.74
0.73
0.71
0.0
0.71
0.39
0.39
0.72
0.13
0.17
0.11
0.24
0.19
0.71
0.0
0.05
0.71
0.05
0.19
0.71
0.21
0.05
0.72
0.49
0.21
0.73
0.75
0.15
0.71
0.71
0.6
0.44
0.71
0.61
0.71
0.72
0.71
0.71
0.71
0.75
0.71
0.45
0.71
0.24
0.71
0.71
0.71
0.69
0.75
0.68
0.72
0.71
0.72
0.73
0.76
0.76
0.76
0.71
0.71
0.71
