0.72
0.72
0.75
0.72
0.71
0.76
0.71
0.71
0.71
0.71
0.0
0.0
0.0
0.08
0.12
0.72
0.22
0.25
0.27
0.32
0.12
0.6
0.17
0.08
0.52
0.12
0.08
0.24
0.19
0.12
0.4
0.0
0.12
0.12
0.08
0.15
0.0
0.15
0.0
0.72
0.12
0.15
0.3
0.0
0.0
0.71
0.12
0.17
0.29
0.29
0.08
0.39
0.71
0.17
0.72
0.2
0.0
0.72
0.08
0.0
0.42
0.17
0.0
0.08
0.21
0.0
0.0
0.0
0.0
0.0
0.0
0.08
0.22
0.15
0.08
0.2
0.12
0.0
0.59
0.12
0.0
0.36
0.0
0.0
0.7
0.0
0.15
0.28
0.08
0.43
0.26
0.35
0.0
0.71
0.0
0.08
0.48
0.71
0.71
0.24
0.21
0.18
0.64
0.0
0.0
0.25
0.3
0.21
0.72
0.0
0.0
0.72
0.0
0.17
0.72
0.12
0.32
0.62
0.45
0.25
0.63
0.12
0.0
0.36
0.12
0.08
0.49
0.0
0.0
0.34
0.23
0.33
0.35
0.17
0.0
0.5
0.08
0.17
0.21
0.0
0.08
0.62
0.08
0.0
0.0
0.57
0.0
0.41
0.0
0.08
0.27
0.0
0.0
0.12
0.15
0.08
0.3
0.15
0.0
0.44
0.0
0.08
0.72
0.71
0.0
0.12
0.0
0.0
0.24
0.18
0.0
0.4
0.7
0.0
0.39
0.15
0.27
0.4
0.0
0.24
0.47
0.08
0.08
0.71
0.15
0.0
0.45
0.42
0.0
0.68
0.08
0.0
0.72
0.2
0.18
0.3
0.25
0.0
0.72
0.0
0.21
0.39
0.0
0.0
0.34
0.0
0.08
0.0
0.0
0.0
0.35
0.0
0.0
0.12
0.18
0.12
0.58
0.08
0.17
0.22
0.0
0.0
0.42
0.0
0.12
0.54
0.08
0.0
0.26
0.12
0.0
0.21
0.0
0.0
0.37
0.0
0.0
0.24
0.08
0.25
0.33
0.0
0.08
0.5
0.0
0.17
0.32
0.69
0.0
0.47
0.0
0.0
0.44
0.12
0.29
0.44
0.21
0.08
0.4
0.26
0.0
0.74
0.12
0.21
0.34
0.0
0.0
0.67
0.0
0.0
0.35
0.0
0.12
0.72
0.0
0.0
0.68
0.08
0.0
0.71
0.0
0.23
0.71
0.0
0.0
0.64
0.0
0.12
0.23
0.18
0.26
0.71
0.0
0.72
0.51
0.15
0.12
0.41
0.18
0.0
0.62
0.08
0.24
0.48
0.49
0.08
0.73
0.0
0.0
0.71
0.61
0.71
0.67
0.0
0.0
0.71
0.22
0.0
0.72
0.0
0.0
0.71
0.19
0.0
0.71
0.15
0.08
0.71
0.12
0.0
0.49
0.0
0.12
0.69
0.08
0.08
0.46
0.26
0.08
0.69
0.08
0.0
0.54
0.12
0.0
0.52
0.08
0.2
0.71
0.0
0.0
0.71
0.71
0.0
0.72
0.71
0.0
0.72
0.35
0.08
0.72
0.18
0.27
0.71
0.0
0.08
0.5
0.08
0.08
0.71
0.71
0.12
0.47
0.0
0.12
0.39
0.2
0.08
0.46
0.08
0.08
0.36
0.22
0.12
0.66
0.24
0.23
0.46
0.0
0.08
0.62
0.12
0.12
0.22
0.08
0.08
0.64
0.2
0.08
0.36
0.12
0.0
0.32
0.15
0.0
0.36
0.0
0.29
0.72
0.15
0.19
0.66
0.0
0.0
0.0
0.0
0.0
0.71
0.71
0.08
0.72
0.23
0.08
0.72
0.24
0.19
0.48
0.42
0.08
0.75
0.0
0.08
0.43
0.61
0.72
0.74
0.2
0.08
0.73
0.42
0.0
0.65
0.0
0.0
0.72
0.44
0.0
0.74
0.62
0.0
0.75
0.08
0.0
0.5
0.0
0.0
0.71
0.12
0.25
0.74
0.0
0.0
0.25
0.0
0.08
0.72
0.0
0.12
0.5
0.0
0.0
0.34
0.12
0.15
0.63
0.0
0.0
0.7
0.42
0.15
0.72
0.0
0.12
0.48
0.0
0.0
0.72
0.71
0.61
0.4
0.08
0.0
0.56
0.21
0.08
0.71
0.37
0.08
0.71
0.0
0.08
0.72
0.24
0.0
0.23
0.28
0.71
0.75
0.72
0.3
0.72
0.08
0.44
0.72
0.17
0.25
0.66
0.08
0.12
0.55
0.0
0.0
0.41
0.72
0.08
0.4
0.08
0.0
0.72
0.0
0.72
0.71
0.0
0.0
0.31
0.0
0.0
0.71
0.08
0.0
0.42
0.12
0.0
0.44
0.0
0.0
0.0
0.08
0.0
0.72
0.72
0.08
0.48
0.15
0.0
0.73
0.0
0.0
0.42
0.0
0.24
0.46
0.0
0.08
0.72
0.0
0.0
0.71
0.0
0.31
0.53
0.0
0.2
0.39
0.08
0.0
0.2
0.0
0.12
0.71
0.08
0.08
0.71
0.68
0.08
0.27
0.08
0.08
0.48
0.08
0.15
0.52
0.18
0.2
0.72
0.08
0.29
0.59
0.0
0.08
0.72
0.2
0.17
0.63
0.15
0.12
0.31
0.25
0.28
0.73
0.08
0.08
0.53
0.0
0.0
0.48
0.19
0.0
0.32
0.23
0.0
0.6
0.72
0.0
0.61
0.08
0.12
0.5
0.18
0.71
0.42
0.67
0.26
0.49
0.71
0.08
0.71
0.12
0.32
0.5
0.26
0.45
0.63
0.08
0.08
0.12
0.25
0.08
0.71
0.25
0.0
0.72
0.12
0.08
0.48
0.0
0.0
0.08
0.0
0.12
0.51
0.71
0.17
0.72
0.61
0.0
0.38
0.0
0.0
0.58
0.08
0.0
0.44
0.27
0.12
0.47
0.08
0.08
0.41
0.0
0.49
0.72
0.08
0.0
0.62
0.0
0.0
0.65
0.71
0.25
0.48
0.0
0.0
0.33
0.49
0.0
0.71
0.0
0.69
0.45
0.61
0.15
0.29
0.44
0.15
0.71
0.12
0.0
0.61
0.42
0.0
0.31
0.26
0.33
0.44
0.08
0.18
0.32
0.18
0.08
0.62
0.0
0.0
0.0
0.72
0.29
0.53
0.0
0.15
0.71
0.0
0.0
0.49
0.08
0.23
0.72
0.34
0.15
0.53
0.12
0.12
0.0
0.0
0.0
0.71
0.23
0.0
0.35
0.0
0.0
0.48
0.43
0.0
0.3
0.0
0.22
0.71
0.25
0.0
0.69
0.12
0.0
0.22
0.0
0.22
0.61
0.0
0.39
0.0
0.72
0.37
0.53
0.72
0.39
0.0
0.71
0.57
0.45
0.71
0.71
0.37
0.37
0.32
0.26
0.74
0.25
0.21
0.72
0.26
0.66
0.69
0.38
0.22
0.63
0.38
0.12
0.31
0.0
0.12
0.52
0.21
0.08
0.64
0.62
0.0
0.12
0.12
0.12
0.0
0.71
0.0
0.22
0.33
0.33
0.33
0.46
0.08
0.4
0.08
0.0
0.0
0.23
0.25
0.37
0.72
0.71
0.51
0.2
0.17
0.12
0.08
0.17
0.64
0.15
0.2
0.32
0.29
0.12
0.54
0.29
0.62
0.3
0.24
0.08
0.24
0.61
0.42
0.69
0.72
0.36
0.72
0.39
0.58
0.48
0.19
0.41
0.72
0.64
0.71
0.45
0.49
0.22
0.72
0.29
0.47
0.31
0.72
0.12
0.46
0.35
0.31
0.72
0.72
0.12
0.74
0.2
0.35
0.45
0.42
0.27
0.52
0.21
0.17
0.72
0.19
0.26
0.29
0.29
0.25
0.4
0.2
0.37
0.45
0.3
0.5
0.38
0.08
0.0
0.52
0.48
0.12
0.71
0.12
0.08
0.63
0.32
0.21
0.51
0.12
0.2
0.71
0.25
0.12
0.08
0.12
0.15
0.2
0.08
0.15
0.34
0.0
0.15
0.48
0.0
0.12
0.59
0.24
0.71
0.51
0.74
0.32
0.33
0.22
0.08
0.68
0.12
0.24
0.29
0.15
0.18
0.38
0.2
0.71
0.27
0.17
0.21
0.38
0.2
0.25
0.46
0.27
0.29
0.27
0.17
0.71
0.18
0.12
0.08
0.08
0.39
0.35
0.72
0.72
0.59
0.26
0.31
0.26
0.39
0.0
0.08
0.2
0.22
0.35
0.12
0.15
0.71
0.17
0.19
0.18
0.3
0.34
0.3
0.66
0.72
0.21
0.71
0.43
0.3
0.47
0.0
0.08
0.3
0.71
0.71
