0.71
0.76
0.7
0.7
0.7
0.7
0.7
0.0
0.0
0.0
0.32
0.17
0.74
0.37
0.34
0.51
0.6
0.24
0.46
0.0
0.12
0.71
0.71
0.31
0.38
0.24
0.39
0.29
0.21
0.17
0.71
0.08
0.08
0.71
0.17
0.0
0.0
0.0
0.08
0.0
0.0
0.0
0.71
0.08
0.12
0.71
0.12
0.08
0.69
0.27
0.0
0.33
0.08
0.0
0.0
0.29
0.08
0.53
0.62
0.15
0.68
0.31
0.17
0.72
0.0
0.31
0.71
0.33
0.71
0.53
0.72
0.31
0.41
0.33
0.71
0.53
0.38
0.31
0.42
0.71
0.27
0.71
0.71
0.71
0.62
0.72
0.19
0.63
0.71
0.34
0.61
0.0
0.0
0.34
0.53
0.28
0.44
0.0
0.08
0.61
0.15
0.0
0.48
0.27
0.08
0.71
0.08
0.0
0.54
0.42
0.17
0.31
0.44
0.0
0.74
0.2
0.19
0.33
0.51
0.08
0.48
0.24
0.08
0.39
0.15
0.0
0.71
0.08
0.71
0.47
0.22
0.29
0.61
0.71
0.0
0.44
0.24
0.71
0.71
0.28
0.21
0.49
0.23
0.22
0.36
0.44
0.08
0.45
0.25
0.61
0.71
0.29
0.24
0.71
0.37
0.08
0.71
0.43
0.23
0.71
0.53
0.19
0.74
0.6
0.18
0.67
0.39
0.18
0.37
0.7
0.44
0.41
0.75
0.32
0.47
0.31
0.17
0.6
0.12
0.15
0.71
0.61
0.74
0.35
0.38
0.62
0.52
0.08
0.0
0.71
0.21
0.26
0.71
0.21
0.2
0.62
0.33
0.3
0.74
0.58
0.12
0.71
0.28
0.28
0.62
0.72
0.71
0.45
0.3
0.18
0.67
0.71
0.12
0.5
0.5
0.42
0.63
0.4
0.67
0.71
0.25
0.25
0.51
0.38
0.33
0.72
0.71
0.71
0.71
0.35
0.27
0.55
0.71
0.3
0.34
0.56
0.26
0.49
0.22
0.71
0.38
0.28
0.47
0.48
0.6
0.51
0.72
0.48
0.47
0.72
0.46
0.72
0.72
0.45
0.45
0.76
0.72
0.71
0.54
0.27
0.6
0.53
0.71
0.34
0.5
0.44
0.39
0.56
0.4
0.46
0.76
0.15
0.08
0.44
0.69
0.08
0.71
0.71
0.33
0.4
0.17
0.26
0.47
0.15
0.08
0.46
0.32
0.3
0.71
0.73
0.37
0.71
0.21
0.23
0.62
0.28
0.08
0.43
0.73
0.12
0.39
0.49
0.12
0.28
0.71
0.26
0.62
0.71
0.35
0.46
0.12
0.21
0.22
0.33
0.27
0.46
0.19
0.22
0.29
0.31
0.0
0.75
0.35
0.26
0.44
0.15
0.08
0.71
0.15
0.72
0.49
0.24
0.27
0.71
0.28
0.22
0.71
0.71
0.46
0.71
0.71
0.74
0.62
0.12
0.15
0.73
0.52
0.28
0.58
0.34
0.0
0.46
0.3
0.32
0.61
0.71
0.15
0.72
0.71
0.5
0.44
0.71
0.15
0.37
0.08
0.0
0.45
0.08
0.15
0.51
0.36
0.31
0.71
0.7
0.4
0.63
0.44
0.36
0.47
0.35
0.35
0.75
0.12
0.22
0.71
0.37
0.54
0.58
0.36
0.12
0.71
0.71
0.55
0.71
0.71
0.0
0.7
0.67
0.37
0.32
0.2
0.12
0.69
0.31
0.12
0.71
0.15
0.17
0.24
0.21
0.71
0.35
0.38
0.3
0.71
0.45
0.35
0.71
0.12
0.27
0.69
0.71
0.71
0.5
0.3
0.35
0.62
0.71
0.08
0.62
0.21
0.25
0.55
0.45
0.61
0.65
0.74
0.08
0.71
0.71
0.6
0.41
0.71
0.49
0.61
0.53
0.08
0.52
0.08
0.26
0.51
0.12
0.08
0.37
0.27
0.24
0.48
0.12
0.29
0.72
0.3
0.24
0.71
0.26
0.24
0.51
0.39
0.24
0.4
0.57
0.33
0.31
0.35
0.21
0.72
0.38
0.2
0.54
0.0
0.08
0.71
0.08
0.24
0.34
0.26
0.12
0.71
0.12
0.23
0.0
0.24
0.28
0.33
0.37
0.26
0.71
0.28
0.34
0.4
0.08
0.25
0.24
0.71
0.08
0.26
0.26
0.31
0.0
0.0
0.17
0.25
0.15
0.08
0.08
0.19
0.27
0.0
0.72
0.72
0.48
0.44
0.08
0.0
0.35
0.12
0.0
0.3
0.15
0.19
0.17
0.0
0.27
0.17
0.36
0.08
0.28
0.0
0.39
0.71
0.12
0.0
0.12
0.43
0.5
0.49
0.22
0.31
0.18
0.0
0.15
0.39
0.22
0.31
0.24
0.2
0.61
0.0
0.2
0.59
0.47
0.0
0.08
0.2
0.0
0.68
0.17
0.12
0.18
0.0
0.18
0.08
0.29
0.71
0.28
0.08
0.17
0.17
0.22
0.17
0.71
0.34
0.12
0.0
0.3
0.36
0.39
0.37
0.3
0.27
0.29
0.08
0.08
0.71
0.08
0.4
0.27
0.62
0.08
0.71
0.0
0.08
0.0
0.0
0.24
0.18
0.22
0.17
0.25
0.29
0.35
0.41
0.25
0.08
0.15
0.0
0.0
0.44
0.39
0.18
0.41
0.67
0.25
0.71
0.4
0.43
0.72
0.0
0.08
0.23
0.12
0.15
0.52
0.61
0.37
0.34
0.36
0.0
0.71
0.35
0.0
0.51
0.47
0.0
0.71
0.33
0.08
0.62
0.44
0.74
0.72
0.34
0.0
0.6
0.0
0.15
0.71
0.61
0.72
0.48
0.0
0.24
0.42
0.0
0.25
0.71
0.35
0.71
0.71
0.32
0.4
0.71
0.15
0.0
0.0
0.5
0.0
0.7
0.44
0.29
0.68
0.21
0.17
0.71
0.71
0.0
0.71
0.49
0.08
0.72
0.18
0.27
0.67
0.08
0.33
0.71
0.0
0.0
0.45
0.08
0.24
0.71
0.12
0.0
0.71
0.53
0.24
0.32
0.18
0.21
0.71
0.0
0.08
0.0
0.71
0.17
0.68
0.12
0.12
0.36
0.08
0.17
0.33
0.12
0.08
0.7
0.71
0.21
0.68
0.71
0.08
0.7
0.24
0.12
0.62
0.15
0.6
0.49
0.63
0.0
0.71
0.0
0.71
0.61
0.71
0.54
0.72
0.17
0.15
0.72
0.0
0.17
0.71
0.12
0.52
0.48
0.15
0.0
0.71
0.08
0.0
0.71
0.08
0.0
0.65
0.15
0.08
0.47
0.15
0.0
0.15
0.0
0.0
0.5
0.0
0.17
0.71
0.0
0.0
0.26
0.08
0.08
0.36
0.15
0.0
0.71
0.34
0.0
0.37
0.0
0.0
0.65
0.37
0.0
0.69
0.61
0.0
0.59
0.71
0.12
0.23
0.0
0.19
0.52
0.15
0.12
0.71
0.12
0.08
0.68
0.15
0.17
0.71
0.0
0.0
0.44
0.0
0.17
0.61
0.23
0.12
0.39
0.71
0.24
0.62
0.15
0.08
0.59
0.12
0.15
0.72
0.27
0.21
0.28
0.0
0.08
0.32
0.37
0.12
0.3
0.08
0.12
0.23
0.0
0.34
0.63
0.68
0.69
0.68
0.68
0.69
0.69
0.7
0.7
0.7
0.71
0.71
