0.69
0.72
0.72
0.69
0.69
0.69
0.69
0.69
0.68
0.68
0.69
0.69
0.69
0.68
0.68
0.68
0.68
0.69
0.68
0.68
0.68
0.68
0.0
0.0
0.0
0.0
0.0
0.27
0.0
0.0
0.35
0.0
0.0
0.0
0.0
0.0
0.32
0.21
0.0
0.71
0.0
0.0
0.45
0.37
0.13
0.4
0.45
0.18
0.76
0.0
0.38
0.69
0.34
0.36
0.33
0.13
0.25
0.5
0.38
0.3
0.34
0.32
0.35
0.71
0.35
0.23
0.4
0.0
0.31
0.25
0.61
0.33
0.29
0.39
0.44
0.51
0.0
0.25
0.34
0.13
0.21
0.26
0.21
0.43
0.41
0.24
0.41
0.52
0.36
0.18
0.18
0.25
0.24
0.34
0.47
0.32
0.27
0.18
0.37
0.23
0.0
0.21
0.5
0.38
0.3
0.36
0.59
0.21
0.37
0.25
0.21
0.33
0.21
0.18
0.33
0.25
0.0
0.44
0.13
0.0
0.63
0.21
0.28
0.41
0.13
0.0
0.25
0.13
0.0
0.31
0.0
0.24
0.34
0.0
0.0
0.42
0.3
0.13
0.53
0.21
0.0
0.41
0.23
0.13
0.21
0.0
0.41
0.53
0.0
0.23
0.33
0.0
0.13
0.29
0.29
0.0
0.45
0.0
0.37
0.34
0.3
0.13
0.64
0.21
0.0
0.52
0.0
0.0
0.3
0.0
0.0
0.71
0.21
0.31
0.65
0.13
0.0
0.38
0.24
0.42
0.38
0.38
0.0
0.37
0.32
0.26
0.64
0.26
0.31
0.25
0.21
0.59
0.41
0.53
0.51
0.44
0.29
0.26
0.3
0.41
0.63
0.23
0.34
0.29
0.37
0.44
0.62
0.54
0.42
0.42
0.46
0.0
0.44
0.43
0.28
0.41
0.13
0.71
0.32
0.37
0.0
0.32
0.28
0.13
0.35
0.31
0.0
0.21
0.71
0.0
0.0
0.43
0.13
0.0
0.63
0.0
0.0
0.58
0.13
0.23
0.0
0.0
0.0
0.4
0.0
0.0
0.0
0.0
0.0
0.42
0.0
0.31
0.57
0.0
0.3
0.42
0.0
0.0
0.37
0.13
0.0
0.33
0.18
0.31
0.63
0.0
0.0
0.0
0.0
0.0
0.69
0.21
0.13
0.46
0.0
0.25
0.35
0.62
0.0
0.48
0.0
0.0
0.63
0.0
0.0
0.45
0.0
0.0
0.42
0.0
0.0
0.71
0.0
0.0
0.37
0.0
0.0
0.37
0.18
0.0
0.0
0.13
0.0
0.0
0.38
0.0
0.71
0.0
0.0
0.34
0.13
0.0
0.27
0.0
0.0
0.44
0.0
0.0
0.61
0.0
0.0
0.66
0.29
0.0
0.4
0.0
0.0
0.36
0.0
0.0
0.0
0.0
0.0
0.52
0.0
0.0
0.59
0.0
0.0
0.71
0.38
0.0
0.55
0.21
0.0
0.6
0.0
0.0
0.26
0.0
0.0
0.21
0.23
0.0
0.62
0.71
0.0
0.37
0.34
0.13
0.64
0.18
0.13
0.49
0.0
0.0
0.63
0.0
0.13
0.3
0.0
0.0
0.29
0.71
0.0
0.31
0.47
0.0
0.38
0.21
0.0
0.3
0.0
0.0
0.55
0.0
0.13
0.27
0.0
0.0
0.43
0.13
0.0
0.57
0.0
0.0
0.23
0.0
0.13
0.29
0.0
0.0
0.64
0.18
0.21
0.66
0.0
0.0
0.49
0.0
0.0
0.44
0.0
0.18
0.0
0.0
0.13
0.31
0.0
0.31
0.13
0.0
0.21
0.34
0.31
0.21
0.39
0.0
0.36
0.18
0.0
0.18
0.3
0.18
0.35
0.38
0.0
0.0
0.0
0.13
0.13
0.31
0.13
0.13
0.5
0.0
0.42
0.71
0.13
0.18
0.3
0.0
0.0
0.34
0.29
0.18
0.13
0.0
0.13
0.45
0.0
0.0
0.39
0.0
0.25
0.21
0.0
0.13
0.33
0.0
0.13
0.27
0.0
0.0
0.6
0.34
0.0
0.36
0.0
0.13
0.44
0.0
0.0
0.13
0.0
0.0
0.38
0.0
0.21
0.34
0.0
0.0
0.21
0.38
0.0
0.3
0.0
0.5
0.36
0.13
0.13
0.32
0.0
0.0
0.54
0.18
0.13
0.68
0.18
0.21
0.47
0.0
0.0
0.31
0.0
0.0
0.71
0.0
0.5
0.49
0.13
0.18
0.44
0.0
0.0
0.39
0.51
0.23
0.34
0.13
0.18
0.32
0.59
0.0
0.6
0.28
0.21
0.4
0.18
0.0
0.37
0.38
0.0
0.69
0.0
0.0
0.36
0.0
0.0
0.21
0.0
0.0
0.54
0.13
0.0
0.62
0.0
0.0
0.26
0.0
0.0
0.43
0.26
0.0
0.0
0.0
0.0
0.35
0.0
0.21
0.3
0.13
0.0
0.54
0.0
0.0
0.44
0.0
0.0
0.0
0.13
0.0
0.52
0.13
0.18
0.39
0.0
0.0
0.34
0.0
0.0
0.51
0.0
0.13
0.25
0.0
0.32
0.6
0.0
0.0
0.6
0.71
0.0
0.33
0.0
0.0
0.51
0.0
0.0
0.35
0.18
0.0
0.35
0.0
0.0
0.0
0.26
0.0
0.41
0.0
0.0
0.41
0.0
0.0
0.34
0.0
0.0
0.31
0.0
0.0
0.47
0.13
0.25
0.34
0.0
0.0
0.52
0.0
0.0
0.45
0.0
0.13
0.4
0.0
0.0
0.28
0.0
0.0
0.41
0.0
0.0
0.38
0.13
0.0
0.44
0.18
0.0
0.33
0.0
0.0
0.6
0.0
0.0
0.34
0.41
0.0
0.33
0.0
0.21
0.3
0.18
0.0
0.36
0.29
0.13
0.6
0.0
0.0
0.43
0.0
0.0
0.13
0.13
0.0
0.64
0.25
0.13
0.38
0.0
0.0
0.4
0.37
0.0
0.34
0.0
0.0
0.41
0.0
0.0
0.71
0.0
0.18
0.69
0.0
0.0
0.34
0.0
0.0
0.66
0.0
0.0
0.34
0.0
0.0
0.41
0.0
0.0
0.35
0.71
0.0
0.35
0.0
0.0
0.34
0.0
0.0
0.28
0.0
0.18
0.29
0.13
0.0
0.27
0.0
0.0
0.45
0.42
0.28
0.64
0.0
0.0
0.45
0.0
0.0
0.38
0.46
0.37
0.37
0.27
0.0
0.61
0.31
0.31
0.6
0.0
0.0
0.36
0.0
0.0
0.33
0.0
0.0
0.72
0.0
0.0
0.35
0.0
0.0
0.71
0.6
0.0
0.43
0.13
0.21
0.48
0.0
0.0
0.39
0.0
0.0
0.31
0.0
0.0
0.35
0.0
0.0
0.28
0.33
0.0
0.53
0.0
0.0
0.34
0.18
0.0
0.18
0.0
0.0
0.42
0.21
0.0
0.47
0.13
0.0
0.36
0.0
0.0
0.0
0.31
0.0
0.18
0.0
0.0
0.71
0.13
0.0
0.35
0.0
0.0
0.45
0.35
0.0
0.4
0.38
0.0
0.38
0.0
0.0
0.31
0.0
0.0
0.35
0.23
0.13
0.26
0.0
0.25
0.29
0.0
0.0
0.39
0.0
0.21
0.61
0.0
0.36
0.39
0.0
0.0
0.61
0.0
0.0
0.26
0.0
0.0
0.6
0.0
0.21
0.38
0.0
0.0
0.36
0.0
0.0
0.37
0.38
0.0
0.39
0.0
0.13
0.46
0.25
0.0
0.61
0.0
0.0
0.71
0.0
0.18
0.39
0.0
0.0
0.42
0.0
0.0
0.52
0.13
0.0
0.37
0.0
0.0
0.62
0.0
0.0
0.62
0.0
0.0
0.35
0.0
0.0
0.54
0.0
0.0
0.47
0.0
0.0
0.45
0.27
0.0
0.4
0.18
0.0
0.37
0.0
0.0
0.33
0.0
0.0
0.42
0.0
0.0
0.47
0.18
0.0
0.51
0.0
0.0
0.42
0.0
0.0
0.62
0.0
0.0
0.35
0.0
0.28
0.47
0.0
0.0
0.72
0.0
0.0
0.48
0.0
0.0
0.37
0.13
0.18
0.24
0.0
0.0
0.39
0.0
0.0
0.36
0.0
0.0
0.31
0.0
0.0
0.71
0.29
0.0
0.37
0.13
0.0
0.34
0.29
0.0
0.43
0.0
0.0
0.32
0.0
0.0
0.38
0.0
0.0
0.38
0.13
0.0
0.45
0.13
0.0
0.13
0.26
0.0
0.47
0.4
0.13
0.34
0.24
0.0
0.44
0.13
0.21
0.47
0.0
0.0
0.48
0.13
0.0
0.47
0.0
0.0
0.48
0.0
0.0
0.68
0.0
0.13
0.31
0.0
0.0
0.36
0.0
0.0
0.63
0.0
0.13
0.62
0.0
0.0
0.39
0.0
0.0
0.55
0.18
0.0
0.24
0.0
0.13
0.26
0.23
0.0
0.44
0.0
0.0
0.46
0.23
0.0
0.42
0.0
0.0
0.29
0.18
0.0
0.34
0.24
0.25
0.42
0.21
0.0
0.36
0.36
0.0
0.35
0.21
0.0
0.44
0.18
0.18
0.29
0.13
0.29
0.59
0.35
0.26
0.4
0.13
0.13
0.4
0.0
0.0
0.49
0.0
0.0
0.34
0.0
0.0
0.59
0.0
0.0
0.0
0.0
0.0
0.23
0.0
0.0
0.49
0.13
0.0
0.72
0.0
0.0
0.31
0.18
0.18
0.38
0.21
0.0
0.13
0.13
0.18
0.41
0.0
0.0
0.32
0.0
0.0
0.47
0.0
0.0
0.37
0.0
0.13
0.0
0.13
0.0
0.33
0.0
0.0
0.41
0.0
0.13
0.33
0.18
0.0
0.72
0.0
0.0
0.29
0.13
0.0
0.0
0.64
0.0
0.6
0.18
0.0
0.34
0.6
0.23
0.46
0.0
0.18
0.71
0.0
0.0
0.45
0.13
0.0
0.3
0.0
0.0
0.39
0.0
0.28
0.71
0.0
0.0
0.62
0.0
0.0
0.4
0.0
0.0
0.61
0.0
0.0
0.35
0.39
0.0
0.36
0.0
0.0
0.35
0.0
0.0
0.13
0.0
0.0
0.0
0.0
0.0
0.38
0.0
0.0
0.47
0.0
0.0
0.47
0.0
0.0
0.47
0.13
0.0
0.21
0.0
0.0
0.45
0.0
0.0
0.23
0.0
0.0
0.31
0.18
0.0
0.35
0.4
0.0
0.43
0.0
0.0
0.37
0.28
0.0
0.38
0.41
0.0
0.56
0.0
0.0
0.35
0.13
0.13
0.25
0.44
0.0
0.4
0.0
0.0
0.34
0.23
0.0
0.33
0.18
0.26
0.32
0.0
0.0
0.41
0.23
0.0
0.29
0.0
0.13
0.36
0.13
0.0
0.39
0.0
0.0
0.37
0.13
0.0
0.5
0.21
0.0
0.39
0.3
0.0
0.32
0.0
0.13
0.38
0.0
0.0
0.49
0.0
0.13
0.52
0.33
0.0
0.38
0.0
0.0
0.36
0.0
0.0
0.37
0.31
0.0
0.3
0.0
0.0
0.37
0.39
0.27
0.36
0.0
0.13
0.43
0.0
0.0
0.36
0.0
0.0
0.55
0.44
0.13
0.62
0.0
0.0
0.33
0.0
0.0
0.35
0.0
0.0
0.0
0.0
0.0
0.62
0.0
0.0
0.44
0.13
0.0
0.41
0.37
0.0
0.45
0.0
0.0
0.0
0.0
0.0
0.48
0.29
0.23
0.41
0.0
0.0
0.32
0.0
0.0
0.41
0.0
0.13
0.52
0.0
0.21
0.37
0.0
0.0
0.0
0.0
0.0
0.36
0.0
0.0
0.69
0.13
0.0
0.18
0.0
0.0
0.42
0.18
0.0
0.63
0.0
0.0
0.25
0.0
0.0
0.45
0.0
0.0
0.66
0.0
0.38
0.56
0.34
0.35
0.21
0.44
0.72
0.4
0.37
0.0
0.44
0.21
0.0
0.33
0.13
0.13
0.63
0.0
0.0
0.59
0.0
0.0
0.61
0.0
0.27
0.38
0.24
0.0
0.43
0.0
0.0
0.26
0.13
0.0
0.13
0.21
0.13
0.61
0.0
0.0
0.34
0.0
0.0
0.71
0.0
0.0
0.44
0.0
0.13
0.46
0.0
0.0
0.59
0.0
0.0
0.38
0.25
0.0
0.61
0.0
0.0
0.71
0.0
0.0
0.34
0.13
0.0
0.42
0.21
0.0
0.46
0.13
0.0
0.35
0.39
0.0
0.42
0.0
0.0
0.39
0.0
0.13
0.57
0.13
0.0
0.3
0.0
0.18
0.42
0.21
0.13
0.42
0.0
0.0
0.38
0.13
0.34
0.39
0.0
0.0
0.0
0.33
0.0
0.43
0.21
0.0
0.34
0.0
0.0
0.42
0.0
0.18
0.41
0.44
0.0
0.36
0.0
0.0
0.52
0.0
0.0
0.7
0.0
0.0
0.32
0.0
0.0
0.28
0.0
0.0
0.29
0.0
0.0
0.45
0.31
0.0
0.45
0.0
0.0
0.38
0.0
0.0
0.43
0.13
0.31
0.43
0.6
0.0
0.33
0.0
0.0
0.46
0.0
0.26
0.42
0.0
0.0
0.0
0.0
0.0
0.13
0.0
0.18
0.31
0.0
0.18
0.49
0.0
0.13
0.34
0.0
0.13
0.18
0.23
0.36
0.42
0.0
0.13
0.24
0.0
0.34
0.67
0.26
0.32
0.28
0.18
0.61
0.25
0.0
0.0
0.54
0.0
0.36
0.29
0.0
0.0
0.24
0.0
0.0
0.37
0.32
0.0
0.35
0.0
0.13
0.37
0.0
0.4
0.0
0.0
0.13
0.3
0.0
0.0
0.18
0.0
0.0
0.42
0.0
0.0
0.3
0.13
0.13
0.39
0.0
0.0
0.0
0.0
0.0
0.31
0.0
0.18
0.21
0.18
0.3
0.31
0.0
0.0
0.26
0.47
0.34
0.29
0.13
0.34
0.4
0.0
0.0
0.42
0.67
0.0
0.26
0.13
0.21
0.4
0.28
0.13
0.44
0.3
0.18
0.28
0.29
0.13
0.41
0.0
0.13
0.28
0.0
0.0
0.62
0.18
0.0
0.25
0.18
0.0
0.18
0.0
0.0
0.0
0.0
0.38
0.13
0.0
0.0
0.33
0.0
0.0
0.31
0.0
0.0
0.0
0.0
0.0
0.18
0.0
0.0
0.21
0.0
0.0
0.33
0.0
0.13
0.37
0.18
0.0
0.29
0.0
0.0
0.0
0.0
0.0
0.0
0.0
0.0
0.32
0.0
0.0
0.41
0.0
0.0
0.13
0.0
0.0
0.0
0.25
0.13
0.4
0.0
0.0
0.26
0.0
0.42
0.31
0.7
0.76
0.68
0.68
0.7
0.68
0.69
0.68
0.69
0.68
0.68
0.68
0.69
0.68
0.68
0.68
0.68
0.68
0.69
0.68
0.76
0.69
0.68
0.68
0.68
0.68
0.68
0.69
0.68
0.68
0.69
0.68
0.76
0.68
0.68
0.68
0.69
0.68
0.68
0.69
0.69
0.69
0.69
0.7
0.69
0.69
0.69
0.69
0.69
0.69
0.69
0.69
0.69
0.69
0.69
0.69
0.69
0.69
0.69
0.69
0.72
0.69
0.69
0.69
0.76
0.76
0.69
0.76
0.69
0.7
0.69
