0.69
0.69
0.68
0.68
0.68
0.68
0.68
0.69
0.69
0.68
0.68
0.68
0.12
0.0
0.0
0.25
0.0
0.17
0.12
0.0
0.0
0.0
0.17
0.12
0.26
0.31
0.16
0.49
0.33
0.16
0.21
0.16
0.22
0.37
0.27
0.33
0.2
0.0
0.0
0.36
0.25
0.48
0.48
0.32
0.12
0.43
0.0
0.22
0.31
0.71
0.0
0.22
0.52
0.0
0.45
0.25
0.0
0.38
0.17
0.0
0.36
0.26
0.36
0.27
0.12
0.0
0.47
0.0
0.22
0.28
0.27
0.24
0.71
0.68
0.0
0.41
0.28
0.0
0.38
0.12
0.33
0.29
0.3
0.0
0.34
0.0
0.0
0.0
0.35
0.24
0.46
0.12
0.12
0.27
0.16
0.35
0.55
0.0
0.53
0.29
0.55
0.0
0.71
0.0
0.0
0.36
0.12
0.0
0.36
0.12
0.12
0.35
0.49
0.0
0.42
0.12
0.12
0.6
0.0
0.41
0.29
0.32
0.4
0.26
0.36
0.24
0.43
0.22
0.24
0.39
0.38
0.41
0.25
0.0
0.28
0.43
0.35
0.16
0.71
0.51
0.35
0.29
0.53
0.75
0.61
0.38
0.45
0.26
0.43
0.31
0.41
0.71
0.49
0.52
0.32
0.51
0.31
0.39
0.25
0.3
0.38
0.33
0.24
0.4
0.71
0.66
0.44
0.42
0.47
0.52
0.32
0.41
0.37
0.24
0.44
0.4
0.36
0.43
0.2
0.49
0.38
0.48
0.36
0.4
0.24
0.12
0.48
0.4
0.24
0.27
0.19
0.12
0.41
0.24
0.22
0.48
0.43
0.5
0.68
0.0
0.12
0.57
0.45
0.3
0.37
0.39
0.33
0.46
0.16
0.0
0.61
0.35
0.65
0.41
0.2
0.16
0.34
0.39
0.59
0.36
0.65
0.25
0.24
0.33
0.22
0.24
0.33
0.41
0.4
0.52
0.36
0.41
0.39
0.5
0.24
0.6
0.71
0.37
0.34
0.38
0.37
0.4
0.41
0.36
0.39
0.39
0.34
0.31
0.32
0.5
0.36
0.42
0.46
0.29
0.32
0.53
0.0
0.0
0.0
0.33
0.37
0.71
0.12
0.12
0.39
0.0
0.0
0.73
0.0
0.26
0.4
0.12
0.16
0.33
0.12
0.0
0.36
0.0
0.0
0.3
0.3
0.43
0.42
0.12
0.0
0.58
0.12
0.27
0.29
0.29
0.39
0.4
0.12
0.0
0.38
0.0
0.17
0.38
0.0
0.38
0.32
0.26
0.22
0.26
0.27
0.0
0.63
0.33
0.0
0.33
0.28
0.12
0.27
0.12
0.28
0.36
0.35
0.12
0.71
0.12
0.0
0.32
0.0
0.12
0.32
0.12
0.0
0.4
0.0
0.0
0.33
0.16
0.0
0.44
0.44
0.62
0.38
0.29
0.36
0.46
0.0
0.0
0.35
0.12
0.0
0.41
0.0
0.0
0.36
0.0
0.0
0.45
0.0
0.19
0.35
0.3
0.0
0.69
0.24
0.12
0.16
0.39
0.16
0.36
0.0
0.0
0.37
0.0
0.0
0.26
0.22
0.0
0.36
0.0
0.0
0.36
0.7
0.36
0.65
0.12
0.19
0.39
0.0
0.12
0.41
0.0
0.3
0.46
0.34
0.12
0.16
0.26
0.63
0.72
0.19
0.29
0.44
0.0
0.0
0.47
0.12
0.4
0.22
0.27
0.0
0.71
0.12
0.0
0.29
0.16
0.0
0.44
0.7
0.0
0.39
0.12
0.0
0.54
0.26
0.0
0.52
0.0
0.0
0.34
0.12
0.0
0.65
0.27
0.0
0.71
0.16
0.12
0.4
0.0
0.0
0.3
0.16
0.0
0.32
0.31
0.31
0.46
0.0
0.0
0.56
0.0
0.0
0.63
0.28
0.25
0.27
0.26
0.2
0.4
0.12
0.28
0.28
0.12
0.16
0.66
0.25
0.71
0.41
0.22
0.16
0.28
0.0
0.0
0.27
0.12
0.26
0.32
0.0
0.27
0.43
0.49
0.0
0.48
0.0
0.24
0.35
0.0
0.0
0.37
0.35
0.0
0.42
0.33
0.22
0.32
0.0
0.0
0.26
0.25
0.22
0.33
0.27
0.31
0.42
0.38
0.12
0.45
0.0
0.0
0.51
0.12
0.24
0.27
0.26
0.0
0.5
0.0
0.33
0.45
0.17
0.25
0.54
0.12
0.12
0.32
0.0
0.12
0.7
0.12
0.34
0.4
0.0
0.0
0.71
0.27
0.22
0.67
0.19
0.0
0.42
0.0
0.0
0.51
0.2
0.0
0.22
0.4
0.27
0.35
0.0
0.0
0.72
0.0
0.0
0.0
0.0
0.0
0.47
0.0
0.0
0.45
0.12
0.0
0.46
0.12
0.0
0.71
0.0
0.0
0.49
0.16
0.0
0.36
0.0
0.0
0.19
0.0
0.0
0.4
0.17
0.71
0.71
0.12
0.12
0.42
0.0
0.0
0.0
0.0
0.28
0.71
0.0
0.0
0.71
0.42
0.12
0.54
0.0
0.0
0.39
0.37
0.12
0.22
0.0
0.0
0.29
0.0
0.0
0.51
0.26
0.22
0.75
0.34
0.0
0.34
0.33
0.71
0.43
0.5
0.28
0.35
0.2
0.12
0.29
0.36
0.0
0.49
0.39
0.0
0.34
0.0
0.0
0.31
0.71
0.0
0.26
0.0
0.12
0.38
0.0
0.12
0.3
0.0
0.0
0.47
0.0
0.0
0.43
0.3
0.16
0.35
0.12
0.27
0.48
0.0
0.22
0.3
0.0
0.12
0.33
0.42
0.12
0.58
0.16
0.0
0.48
0.19
0.25
0.36
0.0
0.12
0.34
0.0
0.16
0.19
0.29
0.41
0.55
0.16
0.31
0.72
0.22
0.24
0.65
0.16
0.24
0.48
0.43
0.0
0.24
0.12
0.0
0.71
0.16
0.0
0.38
0.0
0.12
0.25
0.12
0.0
0.41
0.0
0.0
0.26
0.12
0.0
0.53
0.0
0.12
0.38
0.0
0.29
0.36
0.0
0.0
0.32
0.22
0.0
0.48
0.42
0.27
0.48
0.0
0.0
0.39
0.71
0.2
0.34
0.0
0.0
0.26
0.16
0.0
0.58
0.33
0.0
0.76
0.19
0.0
0.19
0.43
0.0
0.17
0.0
0.0
0.29
0.0
0.12
0.27
0.12
0.0
0.44
0.71
0.22
0.32
0.12
0.0
0.36
0.42
0.22
0.27
0.22
0.25
0.72
0.71
0.26
0.38
0.0
0.12
0.31
0.41
0.2
0.49
0.0
0.16
0.3
0.12
0.24
0.45
0.0
0.0
0.71
0.22
0.0
0.45
0.0
0.0
0.47
0.22
0.16
0.4
0.36
0.32
0.53
0.25
0.17
0.54
0.0
0.0
0.46
0.62
0.28
0.28
0.34
0.0
0.17
0.43
0.32
0.42
0.0
0.19
0.12
0.0
0.0
0.36
0.16
0.0
0.17
0.35
0.22
0.34
0.12
0.0
0.3
0.32
0.41
0.41
0.0
0.0
0.45
0.26
0.0
0.35
0.49
0.37
0.33
0.52
0.12
0.45
0.26
0.0
0.71
0.0
0.12
0.26
0.0
0.0
0.6
0.0
0.0
0.63
0.0
0.0
0.36
0.12
0.0
0.22
0.0
0.0
0.42
0.0
0.0
0.35
0.19
0.0
0.16
0.0
0.19
0.52
0.56
0.34
0.44
0.0
0.16
0.71
0.3
0.12
0.37
0.22
0.27
0.39
0.16
0.0
0.19
0.0
0.12
0.33
0.0
0.0
0.28
0.34
0.31
0.64
0.0
0.0
0.43
0.0
0.0
0.32
0.0
0.0
0.7
0.0
0.12
0.4
0.63
0.48
0.71
0.19
0.12
0.33
0.0
0.0
0.34
0.16
0.0
0.31
0.0
0.0
0.35
0.0
0.0
0.41
0.0
0.0
0.71
0.0
0.0
0.28
0.25
0.25
0.36
0.0
0.12
0.22
0.42
0.0
0.45
0.28
0.33
0.71
0.31
0.0
0.36
0.22
0.0
0.55
0.24
0.36
0.36
0.12
0.0
0.49
0.32
0.31
0.33
0.0
0.0
0.72
0.22
0.16
0.3
0.29
0.0
0.0
0.35
0.43
0.69
0.42
0.0
0.48
0.0
0.0
0.0
0.0
0.0
0.51
0.0
0.0
0.33
0.71
0.24
0.73
0.12
0.0
0.61
0.0
0.0
0.36
0.27
0.0
0.31
0.0
0.0
0.27
0.0
0.42
0.43
0.0
0.0
0.53
0.0
0.0
0.37
0.0
0.0
0.4
0.65
0.27
0.41
0.0
0.0
0.29
0.12
0.12
0.48
0.19
0.16
0.39
0.16
0.32
0.26
0.35
0.34
0.31
0.12
0.0
0.72
0.28
0.12
0.41
0.0
0.0
0.71
0.12
0.34
0.39
0.26
0.3
0.35
0.68
0.0
0.37
0.0
0.0
0.69
0.7
0.45
0.68
0.71
0.37
0.45
0.0
0.12
0.47
0.4
0.44
0.28
0.32
0.3
0.39
0.0
0.0
0.39
0.39
0.25
0.48
0.0
0.0
0.46
0.0
0.0
0.22
0.0
0.12
0.51
0.0
0.0
0.16
0.19
0.12
0.53
0.0
0.0
0.71
0.0
0.0
0.35
0.12
0.0
0.39
0.26
0.28
0.31
0.71
0.71
0.3
0.32
0.26
0.39
0.22
0.32
0.48
0.34
0.12
0.27
0.0
0.29
0.51
0.12
0.0
0.49
0.0
0.0
0.0
0.0
0.0
0.4
0.12
0.0
0.52
0.36
0.0
0.71
0.0
0.0
0.52
0.39
0.16
0.45
0.12
0.0
0.5
0.6
0.28
0.52
0.19
0.4
0.61
0.76
0.36
0.29
0.12
0.0
0.71
0.26
0.52
0.26
0.0
0.0
0.5
0.0
0.0
0.0
0.16
0.46
0.52
0.36
0.0
0.51
0.16
0.12
0.27
0.36
0.0
0.72
0.12
0.24
0.52
0.0
0.0
0.28
0.45
0.7
0.28
0.12
0.0
0.3
0.36
0.0
0.4
0.0
0.0
0.12
0.0
0.0
0.0
0.71
0.43
0.5
0.27
0.0
0.41
0.12
0.35
0.35
0.29
0.49
0.72
0.26
0.12
0.39
0.29
0.0
0.71
0.68
0.52
0.33
0.71
0.38
0.35
0.46
0.41
0.51
0.0
0.0
0.37
0.51
0.2
0.5
0.19
0.0
0.12
0.6
0.16
0.43
0.61
0.19
0.45
0.38
0.24
0.48
0.71
0.33
0.37
0.0
0.0
0.37
0.19
0.16
0.34
0.24
0.0
0.34
0.0
0.0
0.0
0.12
0.0
0.67
0.12
0.0
0.51
0.0
0.0
0.38
0.0
0.0
0.46
0.0
0.0
0.43
0.0
0.0
0.27
0.24
0.0
0.38
0.0
0.38
0.29
0.25
0.16
0.51
0.0
0.27
0.43
0.26
0.29
0.33
0.0
0.0
0.71
0.0
0.0
0.24
0.3
0.0
0.41
0.0
0.0
0.4
0.0
0.0
0.39
0.17
0.0
0.39
0.0
0.0
0.4
0.39
0.17
0.26
0.12
0.0
0.71
0.0
0.0
0.24
0.12
0.19
0.49
0.0
0.0
0.35
0.12
0.19
0.35
0.26
0.22
0.32
0.19
0.16
0.71
0.16
0.38
0.54
0.71
0.72
0.46
0.16
0.28
0.42
0.0
0.0
0.0
0.12
0.12
0.39
0.0
0.0
0.34
0.26
0.0
0.72
0.16
0.12
0.52
0.12
0.22
0.34
0.35
0.29
0.34
0.38
0.0
0.38
0.0
0.0
0.61
0.12
0.12
0.35
0.24
0.0
0.46
0.22
0.19
0.12
0.0
0.0
0.33
0.12
0.12
0.27
0.19
0.29
0.39
0.12
0.3
0.71
0.63
0.16
0.43
0.43
0.12
0.54
0.16
0.16
0.0
0.36
0.0
0.0
0.17
0.0
0.49
0.32
0.33
0.31
0.24
0.0
0.33
0.12
0.0
0.5
0.16
0.0
0.49
0.71
0.0
0.71
0.19
0.16
0.43
0.71
0.41
0.16
0.42
0.24
0.5
0.0
0.36
0.27
0.69
0.68
0.68
0.69
0.68
0.68
0.68
0.75
0.68
0.68
0.68
0.68
0.68
0.75
0.68
0.69
0.68
0.68
0.68
0.68
0.68
0.69
0.69
0.68
0.68
0.68
0.68
0.68
0.68
0.68
0.68
0.68
0.68
0.68
0.68
0.68
0.68
0.69
0.68
0.73
0.68
0.68
0.68
0.69
0.69
0.68
0.68
0.68
0.68
0.69
0.68
0.69
0.68
0.69
0.68
0.68
0.7
0.68
0.71
0.69
0.69
0.68
0.69
0.69
0.68
0.76
0.73
0.73
0.71
0.69
0.69
0.76
0.69
0.7
0.69
