0.7
0.7
0.0
0.0
0.0
0.0
0.0
0.42
0.37
0.0
0.32
0.0
0.0
0.29
0.0
0.0
0.14
0.2
0.24
0.0
0.2
0.14
0.34
0.0
0.0
0.14
0.0
0.0
0.14
0.0
0.0
0.27
0.71
0.0
0.0
0.0
0.0
0.3
0.0
0.0
0.14
0.43
0.0
0.68
0.0
0.27
0.23
0.0
0.0
0.35
0.14
0.14
0.32
0.0
0.0
0.35
0.0
0.0
0.36
0.25
0.2
0.29
0.0
0.0
0.34
0.2
0.31
0.33
0.0
0.0
0.39
0.56
0.0
0.33
0.0
0.14
0.43
0.0
0.0
0.34
0.0
0.0
0.71
0.37
0.0
0.39
0.0
0.0
0.45
0.28
0.23
0.43
0.0
0.0
0.0
0.0
0.14
0.72
0.23
0.0
0.33
0.0
0.0
0.49
0.0
0.23
0.36
0.14
0.14
0.43
0.14
0.14
0.3
0.0
0.0
0.42
0.38
0.0
0.46
0.0
0.0
0.42
0.0
0.0
0.7
0.14
0.0
0.47
0.33
0.0
0.43
0.0
0.0
0.33
0.0
0.0
0.0
0.38
0.14
0.0
0.0
0.0
0.36
0.0
0.25
0.14
0.0
0.23
0.23
0.0
0.23
0.44
0.14
0.25
0.33
0.43
0.0
0.46
0.14
0.0
0.45
0.0
0.0
0.53
0.29
0.14
0.2
0.2
0.0
0.72
0.0
0.0
0.51
0.0
0.0
0.28
0.43
0.0
0.42
0.27
0.0
0.3
0.0
0.0
0.53
0.0
0.14
0.63
0.0
0.0
0.39
0.25
0.0
0.72
0.0
0.0
0.33
0.0
0.0
0.33
0.47
0.0
0.54
0.0
0.0
0.37
0.0
0.0
0.29
0.0
0.0
0.47
0.0
0.0
0.44
0.0
0.0
0.52
0.0
0.2
0.34
0.0
0.0
0.46
0.0
0.14
0.39
0.0
0.0
0.3
0.0
0.45
0.46
0.0
0.0
0.39
0.0
0.0
0.35
0.0
0.0
0.32
0.0
0.0
0.49
0.14
0.0
0.48
0.68
0.0
0.44
0.14
0.0
0.72
0.0
0.0
0.41
0.0
0.2
0.0
0.14
0.0
0.54
0.14
0.0
0.29
0.0
0.0
0.35
0.2
0.0
0.27
0.0
0.0
0.3
0.0
0.0
0.49
0.0
0.2
0.0
0.0
0.2
0.72
0.0
0.0
0.5
0.39
0.0
0.37
0.23
0.36
0.39
0.33
0.0
0.67
0.0
0.0
0.41
0.0
0.0
0.46
0.0
0.36
0.36
0.0
0.0
0.4
0.0
0.14
0.2
0.14
0.23
0.31
0.0
0.72
0.36
0.0
0.0
0.3
0.14
0.0
0.65
0.0
0.0
0.42
0.0
0.0
0.67
0.23
0.0
0.48
0.0
0.0
0.4
0.14
0.0
0.28
0.0
0.0
0.35
0.0
0.0
0.49
0.0
0.14
0.2
0.0
0.0
0.37
0.0
0.0
0.43
0.0
0.0
0.48
0.0
0.0
0.32
0.0
0.0
0.34
0.14
0.0
0.33
0.0
0.0
0.2
0.23
0.35
0.52
0.66
0.0
0.51
0.38
0.0
0.61
0.0
0.0
0.72
0.0
0.0
0.41
0.31
0.0
0.5
0.0
0.0
0.0
0.14
0.0
0.42
0.0
0.2
0.0
0.0
0.0
0.39
0.28
0.2
0.46
0.0
0.0
0.46
0.0
0.0
0.33
0.14
0.0
0.47
0.0
0.14
0.34
0.0
0.0
0.41
0.25
0.0
0.66
0.32
0.27
0.0
0.0
0.0
0.29
0.0
0.0
0.48
0.0
0.0
0.31
0.31
0.0
0.41
0.0
0.0
0.37
0.27
0.0
0.7
0.0
0.0
0.44
0.0
0.0
0.46
0.14
0.0
0.42
0.23
0.0
0.72
0.0
0.0
0.63
0.0
0.0
0.72
0.0
0.0
0.35
0.0
0.0
0.34
0.0
0.0
0.39
0.14
0.0
0.24
0.2
0.0
0.42
0.0
0.3
0.27
0.29
0.14
0.42
0.25
0.2
0.72
0.0
0.0
0.41
0.0
0.0
0.46
0.0
0.2
0.39
0.0
0.14
0.49
0.0
0.0
0.46
0.0
0.26
0.57
0.0
0.36
0.34
0.0
0.0
0.71
0.14
0.14
0.31
0.0
0.0
0.65
0.0
0.0
0.76
0.2
0.25
0.37
0.0
0.0
0.45
0.0
0.14
0.49
0.43
0.0
0.72
0.0
0.0
0.34
0.0
0.0
0.3
0.14
0.0
0.49
0.0
0.0
0.14
0.0
0.0
0.45
0.0
0.0
0.37
0.0
0.0
0.37
0.0
0.0
0.0
0.0
0.14
0.3
0.0
0.0
0.35
0.0
0.23
0.42
0.0
0.27
0.3
0.36
0.2
0.4
0.14
0.0
0.23
0.0
0.14
0.33
0.0
0.14
0.41
0.14
0.0
0.33
0.0
0.0
0.6
0.0
0.37
0.43
0.0
0.14
0.4
0.0
0.0
0.42
0.0
0.0
0.5
0.38
0.0
0.54
0.0
0.2
0.34
0.0
0.31
0.72
0.41
0.0
0.45
0.0
0.0
0.29
0.0
0.0
0.3
0.0
0.0
0.72
0.71
0.0
0.41
0.0
0.0
0.37
0.14
0.45
0.27
0.0
0.2
0.36
0.0
0.0
0.62
0.14
0.14
0.37
0.14
0.14
0.72
0.72
0.0
0.46
0.14
0.0
0.27
0.0
0.0
0.72
0.25
0.0
0.61
0.0
0.0
0.52
0.2
0.14
0.38
0.31
0.35
0.63
0.0
0.0
0.71
0.0
0.35
0.48
0.14
0.29
0.65
0.14
0.31
0.67
0.0
0.14
0.34
0.0
0.0
0.72
0.0
0.0
0.29
0.0
0.2
0.38
0.0
0.32
0.63
0.0
0.0
0.32
0.14
0.2
0.47
0.14
0.0
0.14
0.0
0.14
0.31
0.2
0.27
0.51
0.42
0.0
0.46
0.0
0.14
0.47
0.0
0.0
0.0
0.0
0.0
0.0
0.0
0.14
0.72
0.14
0.0
0.0
0.0
0.0
0.25
0.14
0.3
0.42
0.0
0.14
0.29
0.0
0.0
0.0
0.0
0.0
0.4
0.2
0.0
0.51
0.0
0.29
0.4
0.0
0.0
0.37
0.0
0.0
0.72
0.3
0.0
0.27
0.0
0.47
0.0
0.0
0.32
0.72
0.28
0.72
0.0
0.37
0.4
0.38
0.2
0.38
0.36
0.14
0.71
0.25
0.14
0.43
0.5
0.0
0.34
0.14
0.0
0.37
0.71
0.0
0.57
0.14
0.0
0.32
0.0
0.2
0.3
0.0
0.14
0.35
0.0
0.0
0.49
0.42
0.0
0.72
0.67
0.0
0.52
0.0
0.0
0.36
0.3
0.31
0.46
0.2
0.0
0.4
0.0
0.0
0.34
0.25
0.0
0.4
0.5
0.2
0.43
0.31
0.14
0.6
0.0
0.0
0.0
0.38
0.36
0.41
0.29
0.0
0.45
0.42
0.29
0.72
0.0
0.34
0.37
0.37
0.0
0.72
0.23
0.43
0.37
0.26
0.14
0.28
0.2
0.14
0.3
0.0
0.0
0.5
0.41
0.36
0.29
0.6
0.34
0.44
0.72
0.3
0.44
0.35
0.41
0.63
0.36
0.0
0.14
0.14
0.31
0.45
0.0
0.0
0.14
0.72
0.29
0.46
0.2
0.0
0.0
0.0
0.35
0.72
0.6
0.4
0.72
0.2
0.0
0.37
0.27
0.2
0.72
0.14
0.27
0.3
0.23
0.0
0.45
0.23
0.44
0.6
0.14
0.0
0.14
0.34
0.62
0.4
0.0
0.0
0.3
0.0
0.0
0.58
0.3
0.0
0.47
0.0
0.0
0.27
0.26
0.0
0.39
0.32
0.0
0.4
0.0
0.0
0.48
0.2
0.23
0.37
0.14
0.61
0.39
0.0
0.0
0.52
0.0
0.0
0.34
0.14
0.32
0.37
0.0
0.0
0.41
0.25
0.25
0.72
0.0
0.26
0.49
0.2
0.14
0.72
0.28
0.25
0.7
0.34
0.14
0.32
0.72
0.33
0.32
0.14
0.0
0.36
0.2
0.25
0.46
0.35
0.31
0.46
0.37
0.38
0.71
0.3
0.0
0.55
0.0
0.23
0.38
0.55
0.51
0.44
0.14
0.25
0.45
0.28
0.14
0.35
0.43
0.3
0.72
0.5
0.27
0.42
0.36
0.0
0.36
0.3
0.72
0.35
0.35
0.0
0.44
0.33
0.0
0.36
0.31
0.14
0.38
0.72
0.14
0.53
0.26
0.23
0.28
0.23
0.2
0.49
0.0
0.14
0.53
0.0
0.0
0.4
0.0
0.0
0.63
0.26
0.29
0.74
0.0
0.14
0.41
0.0
0.0
0.42
0.27
0.0
0.0
0.23
0.14
0.36
0.28
0.45
0.36
0.0
0.0
0.14
0.36
0.0
0.39
0.37
0.26
0.37
0.3
0.0
0.28
0.46
0.0
0.4
0.29
0.0
0.45
0.36
0.2
0.56
0.72
0.0
0.37
0.38
0.39
0.42
0.61
0.33
0.42
0.44
0.72
0.56
0.51
0.29
0.4
0.0
0.46
0.38
0.66
0.66
0.66
0.66
0.65
0.66
0.65
0.65
0.65
0.67
0.67
0.66
0.66
0.66
0.65
0.66
0.72
0.65
0.65
0.66
0.67
0.66
0.67
0.67
0.66
0.67
0.66
0.66
0.66
0.66
0.66
0.66
0.66
0.66
0.66
0.66
0.66
0.66
0.66
0.66
0.67
0.66
0.66
0.66
0.67
0.66
0.67
0.66
0.66
0.66
0.66
0.66
0.66
0.67
0.67
0.67
0.72
0.66
0.66
0.67
0.67
0.67
0.67
0.7
