0.72
0.73
0.72
0.73
0.72
0.73
0.72
0.76
0.73
0.73
0.73
0.73
0.72
0.73
0.72
0.13
0.13
0.0
0.4
0.44
0.49
0.73
0.26
0.35
0.33
0.32
0.73
0.0
0.3
0.48
0.13
0.29
0.32
0.0
0.13
0.43
0.34
0.31
0.0
0.0
0.0
0.18
0.0
0.0
0.35
0.0
0.0
0.0
0.0
0.0
0.18
0.24
0.0
0.32
0.29
0.31
0.55
0.26
0.32
0.4
0.18
0.0
0.3
0.0
0.0
0.18
0.32
0.18
0.32
0.22
0.0
0.64
0.13
0.0
0.47
0.13
0.0
0.21
0.0
0.0
0.31
0.27
0.0
0.72
0.0
0.0
0.33
0.25
0.0
0.32
0.0
0.0
0.31
0.3
0.0
0.31
0.45
0.0
0.46
0.13
0.0
0.52
0.0
0.0
0.61
0.0
0.0
0.37
0.0
0.13
0.36
0.18
0.0
0.73
0.32
0.0
0.38
0.13
0.13
0.31
0.0
0.0
0.0
0.0
0.0
0.29
0.39
0.38
0.73
0.19
0.0
0.44
0.0
0.0
0.46
0.0
0.13
0.35
0.27
0.24
0.64
0.0
0.0
0.72
0.0
0.0
0.36
0.37
0.24
0.32
0.0
0.0
0.34
0.0
0.0
0.73
0.47
0.0
0.37
0.44
0.26
0.38
0.0
0.31
0.41
0.33
0.13
0.39
0.0
0.13
0.72
0.0
0.0
0.72
0.0
0.13
0.38
0.31
0.0
0.35
0.28
0.26
0.58
0.0
0.13
0.18
0.0
0.18
0.46
0.37
0.13
0.13
0.36
0.31
0.5
0.47
0.24
0.71
0.13
0.0
0.49
0.0
0.0
0.42
0.21
0.38
0.29
0.19
0.45
0.3
0.21
0.24
0.57
0.32
0.22
0.34
0.21
0.21
0.31
0.3
0.34
0.34
0.13
0.13
0.36
0.21
0.39
0.63
0.37
0.13
0.3
0.32
0.0
0.73
0.35
0.0
0.34
0.35
0.13
0.34
0.3
0.0
0.31
0.0
0.0
0.57
0.0
0.24
0.49
0.48
0.35
0.42
0.3
0.13
0.28
0.0
0.0
0.48
0.48
0.0
0.41
0.21
0.26
0.3
0.31
0.0
0.26
0.29
0.0
0.45
0.13
0.52
0.34
0.35
0.18
0.55
0.0
0.0
0.73
0.45
0.0
0.36
0.26
0.26
0.37
0.32
0.13
0.27
0.54
0.33
0.47
0.26
0.13
0.64
0.13
0.21
0.36
0.37
0.47
0.29
0.18
0.48
0.32
0.57
0.31
0.42
0.27
0.29
0.39
0.26
0.26
0.38
0.24
0.13
0.26
0.35
0.27
0.46
0.26
0.3
0.45
0.39
0.34
0.47
0.36
0.48
0.37
0.43
0.39
0.58
0.41
0.32
0.72
0.42
0.51
0.34
0.57
0.36
0.58
0.31
0.31
0.5
0.7
0.47
0.73
0.38
0.5
0.51
0.34
0.41
0.42
0.31
0.55
0.41
0.75
0.66
0.59
0.42
0.26
0.49
0.48
0.48
0.34
0.31
0.72
0.37
0.29
0.21
0.29
0.53
0.73
0.73
0.62
0.43
0.42
0.37
0.46
0.42
0.44
0.32
0.65
0.48
0.42
0.3
0.29
0.53
0.73
0.39
0.32
0.24
0.4
0.72
0.53
0.3
0.47
0.48
0.22
0.51
0.45
0.33
0.34
0.26
0.4
0.33
0.37
0.39
0.29
0.38
0.28
0.22
0.24
0.3
0.26
0.72
0.24
0.26
0.5
0.27
0.29
0.35
0.39
0.4
0.46
0.31
0.24
0.74
0.47
0.4
0.3
0.34
0.32
0.32
0.32
0.41
0.34
0.44
0.51
0.43
0.21
0.31
0.41
0.32
0.44
0.42
0.0
0.0
0.34
0.3
0.0
0.26
0.32
0.13
0.33
0.42
0.3
0.37
0.0
0.26
0.64
0.0
0.0
0.33
0.0
0.0
0.0
0.18
0.5
0.51
0.0
0.28
0.37
0.21
0.63
0.4
0.28
0.0
0.4
0.24
0.13
0.32
0.13
0.13
0.53
0.26
0.21
0.18
0.0
0.21
0.29
0.0
0.0
0.24
0.0
0.42
0.53
0.13
0.21
0.51
0.24
0.18
0.29
0.27
0.27
0.49
0.13
0.29
0.44
0.0
0.21
0.4
0.0
0.0
0.45
0.18
0.34
0.32
0.21
0.0
0.31
0.0
0.0
0.5
0.0
0.0
0.48
0.0
0.0
0.27
0.18
0.26
0.63
0.31
0.13
0.49
0.37
0.0
0.18
0.37
0.35
0.32
0.13
0.7
0.34
0.22
0.24
0.48
0.31
0.22
0.37
0.42
0.19
0.62
0.37
0.4
0.45
0.35
0.21
0.34
0.5
0.0
0.52
0.36
0.38
0.33
0.0
0.0
0.4
0.73
0.0
0.63
0.0
0.26
0.34
0.39
0.0
0.54
0.35
0.0
0.73
0.0
0.36
0.42
0.0
0.0
0.72
0.0
0.0
0.38
0.13
0.0
0.33
0.0
0.0
0.38
0.43
0.13
0.39
0.18
0.29
0.44
0.36
0.18
0.52
0.43
0.19
0.46
0.27
0.32
0.4
0.0
0.0
0.44
0.52
0.4
0.39
0.18
0.37
0.33
0.19
0.29
0.49
0.28
0.0
0.52
0.38
0.5
0.35
0.36
0.38
0.32
0.62
0.0
0.68
0.0
0.0
0.35
0.0
0.18
0.41
0.38
0.0
0.47
0.0
0.0
0.51
0.41
0.43
0.57
0.0
0.0
0.27
0.0
0.0
0.47
0.0
0.0
0.39
0.43
0.47
0.21
0.0
0.24
0.49
0.35
0.49
0.62
0.27
0.0
0.32
0.29
0.0
0.18
0.0
0.0
0.27
0.0
0.0
0.13
0.35
0.0
0.24
0.27
0.24
0.49
0.26
0.0
0.73
0.24
0.28
0.32
0.29
0.24
0.24
0.26
0.21
0.3
0.29
0.0
0.18
0.19
0.0
0.0
0.0
0.0
0.0
0.0
0.0
0.26
0.0
0.0
0.0
0.26
0.24
0.13
0.37
0.0
0.41
0.0
0.0
0.0
0.0
0.0
0.31
0.41
0.13
0.0
0.44
0.13
0.32
0.13
0.0
0.21
0.51
0.0
0.13
0.26
0.0
0.73
0.13
0.0
0.13
0.13
0.0
0.29
0.0
0.0
0.13
0.21
0.21
0.52
0.13
0.13
0.4
0.5
0.0
0.71
0.35
0.24
0.13
0.31
0.32
0.32
0.31
0.21
0.18
0.37
0.18
0.0
0.5
0.0
0.13
0.0
0.3
0.45
0.41
0.0
0.13
0.3
0.0
0.0
0.0
0.13
0.18
0.0
0.0
0.13
0.19
0.18
0.0
0.24
0.0
0.28
0.27
0.31
0.0
0.0
0.0
0.36
0.6
0.0
0.0
0.0
0.0
0.26
0.18
0.0
0.32
0.64
0.0
0.18
0.0
0.13
0.0
0.24
0.0
0.0
0.13
0.0
0.21
0.18
0.0
0.0
0.0
0.0
0.26
0.31
0.0
0.24
0.31
0.0
0.34
0.37
0.24
0.0
0.35
0.0
0.0
0.13
0.0
0.0
0.38
0.0
0.0
0.27
0.13
0.24
0.32
0.0
0.0
0.43
0.0
0.0
0.24
0.13
0.0
0.36
0.13
0.0
0.0
0.0
0.44
0.21
0.71
0.0
0.62
0.29
0.41
0.48
0.0
0.27
0.6
0.37
0.39
0.32
0.0
0.0
0.32
0.13
0.0
0.46
0.3
0.18
0.39
0.25
0.0
0.32
0.27
0.0
0.49
0.24
0.27
0.4
0.0
0.29
0.27
0.0
0.24
0.37
0.18
0.0
0.41
0.18
0.0
0.29
0.29
0.21
0.5
0.24
0.5
0.41
0.0
0.0
0.13
0.72
0.24
0.73
0.32
0.26
0.54
0.13
0.0
0.41
0.0
0.31
0.32
0.34
0.36
0.62
0.68
0.29
0.72
0.32
0.0
0.32
0.18
0.18
0.52
0.18
0.22
0.24
0.0
0.0
0.35
0.35
0.21
0.46
0.26
0.18
0.32
0.35
0.0
0.43
0.0
0.0
0.31
0.0
0.0
0.58
0.0
0.0
0.13
0.47
0.0
0.31
0.0
0.0
0.37
0.0
0.0
0.52
0.3
0.13
0.41
0.0
0.0
0.36
0.42
0.0
0.49
0.31
0.0
0.48
0.13
0.0
0.18
0.0
0.0
0.13
0.29
0.0
0.29
0.0
0.0
0.21
0.0
0.0
0.37
0.0
0.0
0.13
0.0
0.35
0.46
0.13
0.0
0.26
0.28
0.13
0.52
0.57
0.13
0.43
0.0
0.0
0.44
0.48
0.31
0.45
0.21
0.0
0.31
0.13
0.0
0.0
0.0
0.27
0.21
0.0
0.0
0.38
0.13
0.19
0.28
0.13
0.18
0.37
0.0
0.4
0.13
0.68
0.68
0.68
0.68
0.68
0.68
0.68
0.7
0.72
0.72
0.72
